1 0.410294 0.581818 0.079412 0.109091
1 0.080882 0.781818 0.132353 0.096970
1 0.400000 0.448485 0.088235 0.048485
1 0.694118 0.403030 0.123529 0.078788
1 0.808824 0.366667 0.135294 0.066667
1 0.894118 0.300000 0.100000 0.090909
1 0.741176 0.315152 0.064706 0.060606
1 0.594118 0.381818 0.070588 0.060606
1 0.650000 0.381818 0.070588 0.060606
1 0.601471 0.327273 0.067647 0.048485
1 0.491176 0.400000 0.094118 0.072727
1 0.310294 0.409091 0.061765 0.042424
1 0.213235 0.360606 0.044118 0.030303
1 0.147059 0.378788 0.047059 0.042424
1 0.382353 0.387879 0.076471 0.084848
