1 0.416176 0.560209 0.079412 0.115183
1 0.079412 0.732984 0.152941 0.094241
1 0.398529 0.471204 0.091176 0.041885
1 0.491176 0.424084 0.088235 0.052356
1 0.697059 0.418848 0.111765 0.073298
1 0.805882 0.384817 0.105882 0.057592
1 0.891176 0.319372 0.088235 0.052356
1 0.757353 0.340314 0.102941 0.052356
1 0.586765 0.387435 0.067647 0.062827
1 0.639706 0.392670 0.079412 0.073298
1 0.489706 0.376963 0.091176 0.052356
1 0.311765 0.405759 0.076471 0.047120
1 0.157353 0.408377 0.044118 0.062827
1 0.210294 0.379581 0.032353 0.036649
