0 0.723825 0.430677 0.039586 0.075541
0 0.651683 0.484339 0.052904 0.095348
0 0.638920 0.582450 0.062893 0.098111
0 0.566223 0.615845 0.025527 0.102257
0 0.816315 0.484109 0.021088 0.054353
0 0.807436 0.563105 0.028487 0.072317
0 0.676841 0.799632 0.063263 0.099493
0 0.148354 0.590742 0.065853 0.089820
0 0.126341 0.799171 0.077321 0.106863
0 0.070107 0.853984 0.046985 0.097651
0 0.189789 0.737218 0.031077 0.087978
0 0.214761 0.722018 0.045505 0.097190
0 0.312986 0.597190 0.043655 0.102718
0 0.337033 0.580378 0.054754 0.092123
0 0.344247 0.855596 0.064003 0.125749
0 0.697743 0.180332 0.024417 0.086135
0 0.571957 0.197144 0.036996 0.079226
0 0.330929 0.352142 0.033666 0.094427
0 0.289123 0.387609 0.022568 0.086135
0 0.270995 0.375173 0.027007 0.094427
0 0.135220 0.325887 0.046245 0.094427
0 0.108398 0.313450 0.034776 0.102718
0 0.054014 0.387609 0.036996 0.111009
0 0.142804 0.231230 0.041435 0.105942
0 0.099519 0.243206 0.043655 0.098572
0 0.261376 0.287655 0.029227 0.074159
0 0.293378 0.313911 0.029597 0.097190
0 0.598594 0.686550 0.044395 0.118379
0 0.876804 0.719945 0.024417 0.105942
0 0.827229 0.746661 0.041435 0.098572
0 0.765816 0.785583 0.085091 0.134040
0 0.965964 0.797559 0.024417 0.080608
0 0.761006 0.914786 0.049575 0.101336
0 0.918794 0.600645 0.034406 0.099493
0 0.956345 0.625288 0.022198 0.083372
0 0.969293 0.347766 0.017758 0.092123
0 0.991306 0.350069 0.015908 0.090281
0 0.681465 0.078996 0.030337 0.096269
0 0.733074 0.046983 0.029227 0.078305
0 0.620422 0.092354 0.034776 0.081529
0 0.530522 0.114463 0.024417 0.077844
0 0.427858 0.105021 0.027747 0.077384
0 0.375324 0.106633 0.023307 0.064026
0 0.279504 0.098342 0.021828 0.080608
0 0.045320 0.150161 0.022568 0.083832
0 0.153348 0.128743 0.044025 0.088899
0 0.019793 0.299632 0.028487 0.087978
0 0.263226 0.677568 0.039586 0.093966
