1 0.264706 0.175105 0.070588 0.088608
1 0.208824 0.263713 0.052941 0.097046
1 0.147059 0.289030 0.058824 0.097046
1 0.107353 0.329114 0.073529 0.109705
1 0.120588 0.177215 0.052941 0.084388
1 0.060294 0.185654 0.055882 0.101266
1 0.027941 0.227848 0.044118 0.075949
1 0.089706 0.550633 0.155882 0.147679
1 0.236765 0.552743 0.067647 0.084388
1 0.401471 0.265823 0.155882 0.135021
1 0.523529 0.210970 0.070588 0.084388
1 0.342647 0.647679 0.202941 0.181435
1 0.520588 0.672996 0.088235 0.088608
1 0.492647 0.816456 0.120588 0.088608
1 0.830882 0.843882 0.091176 0.126582
1 0.855882 0.789030 0.100000 0.118143
1 0.895588 0.736287 0.085294 0.105485
1 0.900000 0.664557 0.070588 0.105485
1 0.879412 0.554852 0.111765 0.122363
1 0.788235 0.413502 0.105882 0.092827
1 0.669118 0.459916 0.114706 0.084388
1 0.754412 0.236287 0.167647 0.177215
1 0.885294 0.227848 0.094118 0.075949
1 0.960294 0.156118 0.061765 0.109705
1 0.725000 0.145570 0.108824 0.054852
1 0.805882 0.071730 0.076471 0.075949
1 0.700000 0.063291 0.147059 0.109705
1 0.330882 0.917722 0.085294 0.071730
1 0.247059 0.902954 0.058824 0.084388
1 0.227941 0.854430 0.114706 0.113924
1 0.048529 0.109705 0.061765 0.109705
1 0.063235 0.037975 0.079412 0.067511
