1 0.614706 0.560417 0.082353 0.070833
1 0.950000 0.766667 0.100000 0.091667
1 0.688235 0.750000 0.088235 0.100000
1 0.445588 0.700000 0.220588 0.175000
1 0.448529 0.566667 0.061765 0.041667
1 0.716176 0.379167 0.032353 0.091667
1 0.511765 0.333333 0.052941 0.041667
1 0.413235 0.329167 0.038235 0.050000
1 0.308824 0.277083 0.064706 0.087500
1 0.180882 0.206250 0.061765 0.062500
1 0.132353 0.235417 0.047059 0.062500
1 0.122059 0.125000 0.102941 0.091667
1 0.211765 0.143750 0.035294 0.054167
1 0.180882 0.170833 0.038235 0.041667
1 0.023529 0.045833 0.041176 0.083333
1 0.598529 0.210417 0.044118 0.029167
1 0.473529 0.264583 0.047059 0.037500
1 0.788235 0.054167 0.058824 0.041667
