1 0.450000 0.518672 0.058824 0.049793
1 0.570588 0.529046 0.070588 0.053942
1 0.777941 0.491701 0.126471 0.062241
1 0.713235 0.448133 0.102941 0.074689
1 0.829412 0.394191 0.117647 0.058091
1 0.938235 0.446058 0.052941 0.053942
1 0.551471 0.827801 0.073529 0.078838
1 0.335294 0.844398 0.111765 0.062241
1 0.073529 0.763485 0.135294 0.082988
1 0.151471 0.790456 0.079412 0.045643
1 0.152941 0.831950 0.105882 0.062241
1 0.192647 0.846473 0.102941 0.049793
1 0.216176 0.881743 0.108824 0.053942
1 0.104412 0.946058 0.114706 0.066390
1 0.348529 0.568465 0.038235 0.049793
1 0.352941 0.475104 0.047059 0.053942
1 0.270588 0.448133 0.052941 0.049793
1 0.297059 0.417012 0.029412 0.053942
1 0.247059 0.369295 0.035294 0.024896
1 0.213235 0.371369 0.038235 0.045643
1 0.235294 0.255187 0.023529 0.029046
1 0.579412 0.410788 0.052941 0.041494
1 0.913235 0.952282 0.067647 0.070539
