0 0.905588 0.801205 0.100193 0.355422
0 0.812139 0.804217 0.055877 0.240964
0 0.699422 0.807229 0.053950 0.271084
0 0.619461 0.802711 0.048170 0.274096
0 0.517341 0.807229 0.063584 0.271084
0 0.459538 0.816265 0.036609 0.295181
0 0.415222 0.813253 0.059730 0.283133
0 0.355491 0.796687 0.048170 0.231928
0 0.294798 0.811747 0.053950 0.280120
0 0.169557 0.811747 0.050096 0.304217
0 0.220617 0.799699 0.025048 0.262048
0 0.073218 0.786145 0.038536 0.198795
0 0.031792 0.789157 0.059730 0.216867
1 0.765896 0.740964 0.279383 0.216867
