1 0.301471 0.450980 0.114706 0.133333
1 0.305882 0.515686 0.082353 0.074510
1 0.364706 0.666667 0.058824 0.062745
1 0.322059 0.849020 0.120588 0.082353
1 0.598529 0.739216 0.085294 0.121569
1 0.514706 0.558824 0.047059 0.066667
1 0.710294 0.739216 0.102941 0.105882
1 0.850000 0.782353 0.100000 0.113725
1 0.858824 0.852941 0.100000 0.098039
1 0.888235 0.574510 0.076471 0.066667
1 0.945588 0.676471 0.085294 0.066667
1 0.864706 0.515686 0.082353 0.066667
1 0.844118 0.482353 0.076471 0.047059
1 0.825000 0.447059 0.061765 0.039216
1 0.658824 0.413725 0.058824 0.058824
1 0.610294 0.411765 0.055882 0.054902
1 0.519118 0.500000 0.061765 0.043137
1 0.201471 0.950980 0.079412 0.082353
1 0.126471 0.682353 0.047059 0.133333
1 0.163235 0.564706 0.044118 0.094118
1 0.192647 0.398039 0.038235 0.082353
1 0.226471 0.400000 0.052941 0.078431
1 0.364706 0.368627 0.070588 0.047059
1 0.466176 0.382353 0.038235 0.074510
1 0.733824 0.337255 0.044118 0.054902
1 0.676471 0.337255 0.035294 0.047059
1 0.523529 0.354902 0.029412 0.050980
1 0.760294 0.266667 0.038235 0.062745
1 0.792647 0.282353 0.032353 0.062745
1 0.825000 0.239216 0.038235 0.047059
1 0.867647 0.209804 0.029412 0.058824
1 0.891176 0.139216 0.023529 0.035294
1 0.883824 0.182353 0.044118 0.050980
1 0.926471 0.147059 0.035294 0.043137
