1 0.467647 0.616740 0.094118 0.044053
1 0.861765 0.671806 0.200000 0.171806
1 0.397059 0.702643 0.100000 0.083700
0 0.491176 0.894273 0.029412 0.070485
1 0.177941 0.808370 0.120588 0.101322
1 0.063235 0.823789 0.102941 0.096916
1 0.089706 0.755507 0.126471 0.074890
1 0.164706 0.625551 0.188235 0.105727
1 0.322059 0.491189 0.120588 0.092511
1 0.514706 0.515419 0.052941 0.035242
1 0.470588 0.486784 0.029412 0.039648
1 0.111765 0.471366 0.035294 0.044053
1 0.614706 0.522026 0.064706 0.048458
1 0.527941 0.473568 0.038235 0.039648
