1 0.451471 0.686957 0.038235 0.052174
1 0.786765 0.889130 0.061765 0.065217
1 0.664706 0.891304 0.058824 0.052174
1 0.638235 0.923913 0.052941 0.056522
1 0.619118 0.843478 0.055882 0.069565
1 0.683824 0.793478 0.055882 0.065217
1 0.639706 0.780435 0.038235 0.065217
1 0.607353 0.789130 0.044118 0.065217
1 0.573529 0.791304 0.047059 0.078261
1 0.526471 0.793478 0.035294 0.065217
1 0.597059 0.693478 0.035294 0.073913
1 0.375000 0.802174 0.032353 0.065217
1 0.375000 0.626087 0.032353 0.043478
1 0.466176 0.576087 0.055882 0.047826
1 0.386765 0.543478 0.038235 0.034783
1 0.286765 0.589130 0.038235 0.047826
1 0.323529 0.510870 0.029412 0.039130
1 0.225000 0.902174 0.073529 0.056522
1 0.195588 0.804348 0.061765 0.043478
1 0.180882 0.747826 0.055882 0.052174
1 0.550000 0.556522 0.035294 0.034783
1 0.588235 0.580435 0.035294 0.039130
1 0.650000 0.528261 0.100000 0.047826
1 0.179412 0.517391 0.041176 0.026087
1 0.597059 0.623913 0.041176 0.047826
