1 0.183824 0.620309 0.285294 0.123620
1 0.104412 0.781457 0.202941 0.141280
1 0.504412 0.771523 0.379412 0.178808
1 0.944118 0.775938 0.100000 0.147903
1 0.942647 0.501104 0.114706 0.132450
0 0.669118 0.502208 0.079412 0.072848
0 0.629412 0.509934 0.029412 0.066225
1 0.888235 0.227373 0.176471 0.101545
0 0.704412 0.228477 0.032353 0.072848
0 0.600000 0.221854 0.029412 0.072848
1 0.520588 0.200883 0.135294 0.132450
1 0.614706 0.171082 0.088235 0.143488
1 0.075000 0.226269 0.132353 0.139073
1 0.207353 0.146799 0.161765 0.099338
1 0.285294 0.099338 0.135294 0.114790
1 0.408824 0.068433 0.111765 0.061810
1 0.104412 0.081678 0.150000 0.079470
1 0.241176 0.027594 0.152941 0.050773
1 0.357353 0.029801 0.126471 0.055188
