1 0.766176 0.655046 0.114706 0.172477
1 0.358824 0.917431 0.094118 0.135780
1 0.419118 0.783486 0.085294 0.102752
1 0.273529 0.728440 0.194118 0.231193
1 0.123529 0.917431 0.241176 0.150459
1 0.461765 0.626606 0.094118 0.218349
1 0.929412 0.527523 0.100000 0.100917
1 0.702941 0.454128 0.035294 0.027523
1 0.389706 0.533028 0.102941 0.133945
1 0.448529 0.444037 0.091176 0.091743
1 0.525000 0.462385 0.061765 0.099083
1 0.725000 0.366055 0.091176 0.053211
1 0.642647 0.364220 0.032353 0.027523
1 0.492647 0.384404 0.073529 0.064220
