1 0.338235 0.437255 0.111765 0.090196
1 0.489706 0.452941 0.114706 0.082353
1 0.386765 0.515686 0.102941 0.090196
1 0.411765 0.658824 0.123529 0.141176
1 0.730882 0.809804 0.202941 0.129412
0 0.822059 0.505882 0.026471 0.078431
0 0.776471 0.584314 0.023529 0.086275
1 0.110294 0.590196 0.108824 0.137255
1 0.195588 0.507843 0.155882 0.090196
1 0.447059 0.333333 0.058824 0.078431
1 0.469118 0.366667 0.079412 0.098039
1 0.620588 0.437255 0.094118 0.090196
1 0.558824 0.401961 0.070588 0.074510
1 0.616176 0.341176 0.061765 0.078431
1 0.520588 0.298039 0.052941 0.062745
1 0.589706 0.272549 0.085294 0.098039
1 0.647059 0.262745 0.070588 0.070588
1 0.538235 0.333333 0.082353 0.054902
