0 0.585156 0.667447 0.042188 0.210773
0 0.777344 0.851288 0.070312 0.250585
0 0.892969 0.837237 0.051562 0.250585
0 0.935937 0.562061 0.059375 0.210773
0 0.523438 0.504684 0.040625 0.175644
0 0.425000 0.509368 0.043750 0.142857
0 0.436719 0.384075 0.048438 0.121780
0 0.486719 0.331382 0.023438 0.119438
0 0.493750 0.156909 0.040625 0.107728
0 0.536719 0.126464 0.042188 0.126464
0 0.658594 0.115925 0.032813 0.091335
0 0.455469 0.070258 0.017188 0.093677
0 0.181250 0.411007 0.040625 0.152225
0 0.120313 0.396956 0.046875 0.161593
1 0.080469 0.879391 0.157812 0.199063
