1 0.285333 0.478667 0.130667 0.056000
1 0.816667 0.815333 0.164000 0.049333
1 0.816667 0.751333 0.158667 0.102667
1 0.946000 0.694667 0.102667 0.096000
0 0.130000 0.893333 0.030667 0.053333
0 0.171333 0.888000 0.020000 0.042667
0 0.126000 0.935333 0.022667 0.044000
1 0.363333 0.244667 0.065333 0.046667
1 0.432667 0.246667 0.065333 0.061333
1 0.440000 0.193333 0.069333 0.048000
1 0.501333 0.213333 0.074667 0.048000
1 0.514667 0.162000 0.045333 0.041333
1 0.569333 0.182667 0.064000 0.045333
1 0.622000 0.156000 0.078667 0.050667
1 0.529333 0.122667 0.077333 0.056000
1 0.616667 0.103333 0.094667 0.060000
1 0.638667 0.072667 0.050667 0.028000
1 0.192667 0.188667 0.236000 0.070667
0 0.546667 0.424667 0.018667 0.038667
