1 0.313281 0.235185 0.053646 0.105556
1 0.397917 0.230556 0.069792 0.125926
1 0.514583 0.383796 0.108333 0.152778
1 0.488281 0.215741 0.056771 0.083333
1 0.511979 0.275926 0.060417 0.079630
1 0.517708 0.124074 0.058333 0.075926
1 0.433594 0.096296 0.040104 0.059259
1 0.288021 0.167130 0.038542 0.073148
1 0.978385 0.451852 0.042188 0.070370
1 0.364063 0.083333 0.039583 0.062963
1 0.379688 0.139815 0.047917 0.057407
1 0.460677 0.050926 0.028646 0.048148
1 0.448698 0.033796 0.024479 0.039815
1 0.359115 0.047222 0.050521 0.087037
