0 0.776302 0.309722 0.017188 0.100926
0 0.903125 0.359259 0.015625 0.116667
0 0.026823 0.320370 0.029687 0.118519
0 0.116146 0.293056 0.018750 0.113889
0 0.082292 0.286111 0.016667 0.100000
1 0.375260 0.094444 0.025521 0.062963
1 0.367708 0.066667 0.023958 0.053704
1 0.300000 0.292593 0.063542 0.103704
1 0.206250 0.340741 0.131250 0.120370
1 0.195573 0.412963 0.125521 0.122222
1 0.288542 0.481019 0.143750 0.167593
1 0.095833 0.541204 0.182292 0.186111
1 0.060937 0.454167 0.114583 0.108333
1 0.632031 0.931944 0.170313 0.136111
