1 0.410677 0.237037 0.055729 0.092593
1 0.493229 0.190278 0.052083 0.091667
1 0.573958 0.267130 0.059375 0.112037
1 0.534115 0.456019 0.107813 0.147222
1 0.205729 0.545833 0.287500 0.223148
0 0.062760 0.323611 0.025521 0.097222
0 0.102083 0.271296 0.019792 0.112963
0 0.044271 0.295833 0.017708 0.082407
1 0.300521 0.130093 0.070833 0.165741
1 0.371094 0.098611 0.064062 0.154630
1 0.387760 0.186574 0.041146 0.076852
1 0.494531 0.108333 0.034896 0.064815
1 0.422135 0.065741 0.040104 0.059259
1 0.907292 0.417130 0.185417 0.171296
1 0.378125 0.151852 0.047917 0.072222
1 0.430208 0.023611 0.039583 0.039815
