0 0.793750 0.311574 0.022917 0.121296
0 0.069271 0.281481 0.042708 0.116667
0 0.025260 0.291667 0.026562 0.122222
1 0.376563 0.350463 0.031250 0.126852
1 0.370312 0.517130 0.216667 0.208333
1 0.500781 0.398611 0.140104 0.175000
1 0.542188 0.324074 0.078125 0.114815
1 0.552865 0.194444 0.066146 0.107407
1 0.503125 0.239815 0.072917 0.094444
1 0.407813 0.273611 0.067708 0.108333
1 0.309635 0.140278 0.061979 0.132407
1 0.395573 0.225926 0.049479 0.098148
1 0.440625 0.135185 0.054167 0.072222
1 0.455990 0.078704 0.044271 0.066667
1 0.464062 0.044444 0.033333 0.051852
1 0.371094 0.129167 0.051562 0.075000
1 0.383854 0.190278 0.052083 0.062037
