1 0.547917 0.429167 0.102083 0.147222
1 0.536198 0.309259 0.071354 0.103704
1 0.398698 0.282870 0.033854 0.100926
1 0.277083 0.346759 0.093750 0.126852
1 0.293750 0.274074 0.075000 0.109259
1 0.480729 0.206481 0.064583 0.088889
1 0.397917 0.223611 0.065625 0.102778
1 0.301563 0.227315 0.063542 0.089815
1 0.303125 0.171296 0.061458 0.094444
1 0.447135 0.134259 0.049479 0.068519
1 0.426823 0.064815 0.057813 0.085185
1 0.457292 0.041204 0.038542 0.043519
1 0.402083 0.028241 0.031250 0.036111
1 0.366927 0.095370 0.055729 0.064815
1 0.385417 0.172222 0.054167 0.068519
0 0.800260 0.309259 0.021354 0.096296
