0 0.045573 0.294907 0.031771 0.125000
0 0.073177 0.302315 0.023438 0.132407
0 0.097135 0.292130 0.021354 0.113889
0 0.184635 0.229167 0.023438 0.115741
0 0.898698 0.337037 0.021354 0.112963
0 0.921354 0.363426 0.020833 0.108333
0 0.959635 0.329167 0.024479 0.104630
1 0.925260 0.439815 0.149479 0.120370
1 0.877083 0.923611 0.226042 0.145370
1 0.432812 0.394444 0.163542 0.214815
1 0.553385 0.277315 0.063021 0.087963
1 0.390885 0.193519 0.103646 0.212963
1 0.133073 0.534259 0.264062 0.168519
1 0.494271 0.189815 0.059375 0.090741
1 0.464323 0.111574 0.047396 0.071296
1 0.372656 0.067130 0.074479 0.112037
