1 0.206250 0.559722 0.228125 0.195370
1 0.519010 0.494444 0.176563 0.168519
1 0.352344 0.364815 0.090104 0.138889
1 0.297917 0.288426 0.067708 0.102778
1 0.526302 0.321759 0.077604 0.132407
1 0.581771 0.259259 0.065625 0.133333
1 0.401562 0.245370 0.063542 0.101852
0 0.076302 0.292593 0.018229 0.105556
0 0.107292 0.275463 0.022917 0.113889
0 0.047656 0.296759 0.021354 0.112037
1 0.445312 0.112037 0.047917 0.081481
1 0.390365 0.211111 0.058854 0.081481
1 0.425260 0.043519 0.033854 0.055556
1 0.393750 0.162963 0.048958 0.062963
1 0.378385 0.140741 0.039062 0.075926
1 0.360417 0.043981 0.042708 0.075000
