1 0.352083 0.490278 0.193750 0.176852
1 0.845573 0.405556 0.202604 0.161111
1 0.590104 0.310185 0.071875 0.135185
1 0.507812 0.239815 0.063542 0.087037
1 0.484635 0.183796 0.066146 0.087963
1 0.466667 0.090741 0.054167 0.064815
1 0.406510 0.038889 0.031771 0.053704
1 0.450260 0.045833 0.032813 0.047222
1 0.409115 0.245833 0.054688 0.108333
1 0.317188 0.254167 0.075000 0.108333
1 0.302604 0.188426 0.052083 0.089815
1 0.388802 0.187500 0.051562 0.073148
0 0.722135 0.297685 0.016146 0.080556
0 0.737500 0.296296 0.011458 0.079630
0 0.052083 0.268519 0.037500 0.088889
