1 0.382812 0.388889 0.033333 0.120370
1 0.523177 0.264352 0.066146 0.106481
1 0.391667 0.260185 0.064583 0.103704
1 0.322135 0.277778 0.083854 0.100000
1 0.309375 0.193981 0.075000 0.139815
1 0.479948 0.172685 0.065104 0.093519
1 0.474740 0.066667 0.049479 0.066667
1 0.417969 0.058796 0.036979 0.069444
1 0.389323 0.148148 0.057813 0.064815
1 0.402604 0.204630 0.060417 0.079630
0 0.146094 0.262500 0.023438 0.099074
0 0.098177 0.263426 0.032813 0.113889
0 0.033333 0.264815 0.030208 0.116667
1 0.365625 0.094907 0.040625 0.062037
1 0.376563 0.116667 0.035417 0.061111
