1 0.655469 0.313426 0.108854 0.128704
1 0.500260 0.419907 0.121354 0.145370
1 0.518490 0.293981 0.075521 0.115741
1 0.490625 0.223611 0.070833 0.089815
1 0.459115 0.141667 0.060937 0.061111
1 0.466146 0.073148 0.042708 0.059259
1 0.437760 0.101852 0.035937 0.051852
1 0.416406 0.246296 0.069271 0.109259
1 0.323437 0.250926 0.073958 0.100000
1 0.227865 0.534722 0.242188 0.193519
1 0.314323 0.193981 0.056771 0.082407
1 0.395052 0.191204 0.046354 0.071296
1 0.389583 0.155093 0.047917 0.089815
0 0.898698 0.321759 0.020313 0.149074
1 0.311458 0.131019 0.048958 0.095370
