0 0.180469 0.223148 0.020313 0.092593
1 0.156250 0.517593 0.310417 0.262963
1 0.499740 0.443981 0.138021 0.169444
1 0.611198 0.323611 0.079687 0.152778
1 0.479167 0.173148 0.071875 0.101852
1 0.397135 0.257407 0.063021 0.100000
1 0.311719 0.246296 0.072396 0.109259
1 0.307812 0.194444 0.053125 0.068519
1 0.374740 0.083333 0.064062 0.138889
1 0.447135 0.118056 0.042188 0.080556
1 0.532292 0.135648 0.023958 0.071296
1 0.478646 0.067130 0.046875 0.099074
1 0.413021 0.047685 0.036458 0.052778
1 0.389323 0.141204 0.051562 0.067593
