0 0.863802 0.312500 0.034896 0.113889
0 0.817708 0.301852 0.027083 0.114815
0 0.733854 0.260185 0.016667 0.101852
1 0.539323 0.290278 0.076563 0.110185
1 0.474219 0.418981 0.131771 0.167593
1 0.113021 0.537500 0.223958 0.241667
1 0.406250 0.241204 0.053125 0.097222
1 0.477604 0.159722 0.060417 0.095370
1 0.452344 0.090741 0.029687 0.062963
1 0.321094 0.225463 0.073438 0.123148
1 0.394271 0.179630 0.070833 0.094444
1 0.311198 0.159722 0.059896 0.095370
1 0.378385 0.132870 0.039062 0.060185
1 0.308854 0.105556 0.048958 0.077778
1 0.459115 0.037963 0.028646 0.055556
