1 0.234115 0.502315 0.254688 0.226852
1 0.035417 0.355093 0.052083 0.099074
1 0.550000 0.417593 0.087500 0.162963
1 0.519792 0.290741 0.085417 0.133333
1 0.401042 0.245370 0.063542 0.124074
1 0.476042 0.183796 0.071875 0.104630
1 0.505990 0.145833 0.047396 0.080556
1 0.466667 0.067130 0.042708 0.065741
1 0.422135 0.083796 0.043229 0.054630
1 0.442969 0.034722 0.043229 0.049074
1 0.386719 0.189815 0.067187 0.070370
1 0.388021 0.148611 0.050000 0.054630
1 0.378385 0.140741 0.044271 0.053704
0 0.948958 0.371759 0.026042 0.113889
1 0.355469 0.063426 0.047396 0.058333
1 0.362760 0.081944 0.040104 0.050926
1 0.367969 0.114815 0.045312 0.048148
0 0.805729 0.276389 0.026042 0.106481
