0 0.943490 0.359259 0.027604 0.125926
0 0.421875 0.363889 0.045833 0.151852
1 0.536979 0.485185 0.144792 0.185185
1 0.605990 0.352315 0.070312 0.121296
1 0.575000 0.254167 0.051042 0.089815
1 0.493750 0.182407 0.066667 0.077778
1 0.399740 0.275463 0.072396 0.104630
1 0.219792 0.352315 0.140625 0.143519
0 0.181771 0.250000 0.022917 0.109259
1 0.394271 0.178704 0.090625 0.181481
1 0.367969 0.125463 0.076563 0.156481
1 0.469010 0.070833 0.041146 0.056481
1 0.503385 0.140278 0.050521 0.063889
0 0.591146 0.137500 0.019792 0.084259
