1 0.291667 0.258796 0.075000 0.110185
1 0.144531 0.575463 0.259896 0.204630
1 0.500000 0.457407 0.152083 0.142593
1 0.834896 0.414815 0.188542 0.142593
0 0.928385 0.372222 0.017188 0.103704
0 0.644010 0.179630 0.011979 0.087037
1 0.533333 0.169444 0.052083 0.074074
1 0.508854 0.246296 0.054167 0.101852
1 0.490625 0.324537 0.111458 0.145370
1 0.404167 0.250000 0.063542 0.109259
1 0.390885 0.200926 0.050521 0.085185
1 0.466927 0.080556 0.045312 0.068519
1 0.443750 0.037500 0.028125 0.045370
0 0.190625 0.202778 0.013542 0.092593
0 0.141927 0.278241 0.018229 0.095370
1 0.367969 0.111111 0.045312 0.079630
1 0.393229 0.025463 0.029167 0.039815
