0 0.751042 0.289815 0.019792 0.100000
1 0.955469 0.478704 0.089063 0.148148
1 0.909115 0.418056 0.181771 0.156481
1 0.441927 0.362500 0.207813 0.260185
1 0.542969 0.202315 0.061979 0.117593
1 0.473438 0.177315 0.057292 0.086111
1 0.392448 0.249074 0.050521 0.092593
1 0.312240 0.250000 0.074479 0.098148
1 0.113281 0.531019 0.219271 0.156481
1 0.306771 0.203704 0.067708 0.096296
1 0.400000 0.193056 0.059375 0.091667
1 0.451562 0.123148 0.055208 0.077778
1 0.413542 0.051389 0.040625 0.049074
1 0.301823 0.152778 0.050521 0.083333
1 0.299479 0.098611 0.041667 0.078704
0 0.089063 0.271296 0.027083 0.116667
