1 0.750260 0.745370 0.190104 0.287037
1 0.732812 0.477315 0.122917 0.154630
1 0.956510 0.477778 0.086979 0.161111
1 0.512500 0.285648 0.091667 0.104630
1 0.541667 0.193981 0.054167 0.084259
1 0.404427 0.262963 0.063021 0.101852
1 0.383073 0.181019 0.056771 0.076852
1 0.439323 0.112963 0.052604 0.061111
1 0.303125 0.113889 0.048958 0.075926
1 0.401562 0.043056 0.036458 0.056481
1 0.447396 0.037500 0.045833 0.060185
0 0.724740 0.306019 0.029687 0.108333
0 0.842448 0.340278 0.029687 0.104630
0 0.963802 0.351389 0.033854 0.099074
0 0.732031 0.243981 0.019271 0.086111
0 0.088802 0.269907 0.031771 0.100926
