0 0.066667 0.310185 0.026042 0.107407
0 0.176563 0.261574 0.028125 0.099074
1 0.860156 0.415741 0.202604 0.148148
1 0.423698 0.420833 0.155729 0.154630
1 0.486458 0.344444 0.084375 0.114815
1 0.514323 0.268056 0.072396 0.104630
1 0.501302 0.161111 0.046354 0.077778
1 0.403646 0.260185 0.081250 0.114815
1 0.323177 0.274537 0.066146 0.102778
1 0.295573 0.195370 0.077604 0.137037
1 0.383854 0.165741 0.050000 0.066667
1 0.440365 0.110185 0.046354 0.068519
1 0.443229 0.061574 0.030208 0.052778
0 0.933854 0.351389 0.036458 0.093519
