0 0.161198 0.346759 0.040104 0.113889
1 0.375521 0.372685 0.034375 0.143519
0 0.718490 0.272222 0.014063 0.114815
0 0.907813 0.337037 0.019792 0.114815
1 0.564583 0.462963 0.117708 0.142593
1 0.591927 0.378241 0.073438 0.128704
1 0.289583 0.544907 0.213542 0.149074
1 0.505990 0.292130 0.068229 0.112037
1 0.565104 0.223611 0.065625 0.086111
1 0.502865 0.162500 0.056771 0.076852
1 0.477083 0.096759 0.040625 0.062037
1 0.397135 0.258796 0.076563 0.091667
1 0.305208 0.252778 0.057292 0.105556
1 0.314323 0.156019 0.057813 0.102778
1 0.367708 0.097222 0.046875 0.075926
1 0.347135 0.018056 0.030729 0.032407
1 0.442708 0.034259 0.045833 0.057407
1 0.371615 0.133796 0.045312 0.067593
