1 0.264583 0.544444 0.241667 0.161111
1 0.623698 0.431944 0.098437 0.139815
1 0.819010 0.406944 0.206771 0.163889
1 0.545312 0.330556 0.087500 0.146296
1 0.574740 0.233333 0.056771 0.077778
1 0.474479 0.211111 0.081250 0.088889
1 0.398958 0.252315 0.090625 0.112037
1 0.289323 0.306019 0.089063 0.110185
1 0.301823 0.121759 0.059896 0.099074
1 0.440365 0.122685 0.055729 0.089815
1 0.482812 0.082870 0.054167 0.078704
1 0.412500 0.060648 0.044792 0.054630
1 0.451042 0.046759 0.044792 0.063889
1 0.375521 0.112963 0.043750 0.050000
1 0.351823 0.041667 0.034896 0.040741
