1 0.510156 0.440741 0.141146 0.161111
1 0.629167 0.312037 0.073958 0.096296
1 0.544792 0.354167 0.094792 0.125000
1 0.173177 0.582870 0.276562 0.160185
1 0.299219 0.271296 0.070312 0.109259
1 0.410677 0.256019 0.069271 0.095370
1 0.443490 0.125926 0.048438 0.064815
1 0.497656 0.118056 0.034896 0.056481
1 0.478646 0.079167 0.045833 0.050926
1 0.401562 0.038889 0.048958 0.050000
1 0.396094 0.175463 0.046354 0.071296
1 0.387760 0.202778 0.047396 0.068519
1 0.322656 0.223611 0.059896 0.104630
1 0.300781 0.187037 0.056771 0.081481
1 0.563542 0.224074 0.060417 0.079630
1 0.311979 0.108796 0.034375 0.075000
