1 0.347656 0.341204 0.081771 0.104630
1 0.305990 0.537963 0.217188 0.179630
1 0.524219 0.465278 0.150521 0.152778
1 0.597917 0.306019 0.069792 0.132407
1 0.557813 0.228704 0.063542 0.133333
1 0.513021 0.148611 0.052083 0.067593
1 0.416927 0.270370 0.066146 0.122222
1 0.330469 0.265278 0.066146 0.087963
1 0.295833 0.201389 0.069792 0.100926
1 0.388021 0.168056 0.060417 0.058333
1 0.386458 0.199074 0.047917 0.062963
1 0.415885 0.083796 0.039062 0.080556
1 0.453385 0.053241 0.049479 0.043519
0 0.090885 0.288889 0.016146 0.111111
0 0.073438 0.299074 0.016667 0.077778
0 0.022396 0.352778 0.014583 0.112963
