1 0.363542 0.095370 0.036458 0.040741
1 0.146615 0.580093 0.251563 0.163889
1 0.420573 0.442130 0.166146 0.193519
1 0.570573 0.295833 0.075521 0.137963
1 0.300521 0.200000 0.088542 0.194444
1 0.397656 0.255556 0.058854 0.092593
1 0.512500 0.186574 0.062500 0.102778
1 0.495312 0.119907 0.042708 0.056481
1 0.430208 0.095833 0.039583 0.052778
1 0.409115 0.052778 0.038021 0.062963
1 0.362240 0.046759 0.065104 0.087963
1 0.297656 0.064352 0.045312 0.043519
0 0.073438 0.298611 0.041667 0.091667
1 0.375521 0.162037 0.038542 0.068519
1 0.397656 0.193519 0.045312 0.062963
