0 0.091146 0.340741 0.052083 0.094444
1 0.805729 0.387037 0.193750 0.148148
1 0.462760 0.486111 0.141146 0.140741
1 0.526042 0.357870 0.071875 0.115741
1 0.394010 0.278241 0.082812 0.095370
1 0.496354 0.216204 0.085417 0.162037
1 0.482552 0.083796 0.052604 0.089815
1 0.429688 0.107407 0.038542 0.050000
1 0.311458 0.243056 0.059375 0.093519
1 0.385937 0.172685 0.054167 0.067593
1 0.368229 0.107407 0.042708 0.055556
1 0.303125 0.163426 0.073958 0.158333
1 0.089844 0.496296 0.169271 0.164815
1 0.357031 0.045833 0.033854 0.056481
1 0.404948 0.051389 0.033854 0.049074
