1 0.283073 0.300000 0.065104 0.127778
1 0.249219 0.541667 0.233854 0.155556
1 0.507552 0.385185 0.093229 0.162963
1 0.736979 0.396296 0.172917 0.153704
1 0.560417 0.285185 0.076042 0.100000
1 0.372917 0.257407 0.077083 0.120370
1 0.370312 0.209722 0.059375 0.062037
1 0.373177 0.170833 0.042188 0.052778
1 0.484375 0.193519 0.062500 0.094444
1 0.507812 0.126389 0.041667 0.065741
1 0.469792 0.071759 0.037500 0.052778
1 0.426042 0.097685 0.056250 0.075000
1 0.379688 0.137500 0.046875 0.062037
1 0.363021 0.122685 0.045833 0.073148
1 0.366146 0.090741 0.043750 0.050000
1 0.302083 0.071296 0.040625 0.074074
1 0.401042 0.044907 0.034375 0.067593
1 0.445312 0.049537 0.031250 0.050926
1 0.350000 0.040741 0.032292 0.037037
0 0.744792 0.293519 0.018750 0.096296
