0 0.733854 0.307407 0.015625 0.096296
0 0.794271 0.325000 0.019792 0.105556
0 0.853646 0.338426 0.028125 0.110185
0 0.878125 0.347222 0.016667 0.118519
0 0.894271 0.332407 0.018750 0.114815
1 0.565885 0.450926 0.101562 0.125926
1 0.401302 0.264352 0.064062 0.097222
1 0.292969 0.290741 0.072396 0.125926
1 0.297917 0.192593 0.058333 0.085185
1 0.387760 0.196296 0.067187 0.087037
1 0.472135 0.176852 0.053646 0.075926
1 0.485417 0.103704 0.050000 0.074074
1 0.371875 0.167593 0.054167 0.066667
1 0.407031 0.066204 0.034896 0.056481
1 0.450781 0.063889 0.039062 0.051852
