1 0.425000 0.502315 0.185417 0.169444
1 0.565625 0.362037 0.078125 0.140741
1 0.883594 0.420833 0.205729 0.152778
1 0.502865 0.250000 0.061979 0.092593
1 0.505208 0.139815 0.047917 0.079630
1 0.399740 0.262037 0.063021 0.092593
1 0.301563 0.273148 0.072917 0.092593
1 0.385677 0.197685 0.055729 0.086111
1 0.299740 0.166667 0.055729 0.081481
1 0.468490 0.091667 0.039062 0.068519
1 0.410156 0.056944 0.041146 0.058333
1 0.368229 0.129630 0.040625 0.053704
1 0.381250 0.156019 0.046875 0.049074
1 0.296875 0.100000 0.036458 0.055556
1 0.344271 0.039352 0.023958 0.049074
1 0.354427 0.070833 0.027604 0.047222
0 0.763281 0.345833 0.024479 0.097222
