1 0.333594 0.379167 0.069271 0.132407
1 0.500781 0.389815 0.076563 0.127778
1 0.836458 0.406019 0.213542 0.165741
1 0.398958 0.236111 0.072917 0.159259
1 0.303906 0.261574 0.058854 0.091667
1 0.476823 0.206944 0.058854 0.084259
1 0.526823 0.170370 0.047396 0.061111
1 0.459635 0.070370 0.034896 0.050000
1 0.394792 0.059259 0.030208 0.048148
1 0.298438 0.161574 0.043750 0.060185
1 0.302344 0.208333 0.054688 0.062963
1 0.372656 0.155093 0.045312 0.065741
1 0.372917 0.133333 0.040625 0.053704
1 0.368229 0.098611 0.042708 0.058333
