1 0.296615 0.219907 0.059896 0.087963
1 0.404167 0.281944 0.068750 0.091667
1 0.794531 0.555093 0.155729 0.156481
1 0.899740 0.936111 0.195312 0.118519
1 0.383073 0.187963 0.058854 0.057407
1 0.391667 0.240741 0.048958 0.075926
1 0.409635 0.067130 0.033854 0.047222
1 0.341927 0.030556 0.034896 0.055556
1 0.426042 0.035185 0.029167 0.033333
0 0.647396 0.214815 0.014583 0.081481
0 0.638281 0.196759 0.010937 0.069444
0 0.751302 0.327315 0.025521 0.091667
0 0.774479 0.322222 0.016667 0.083333
0 0.801823 0.318519 0.018229 0.100000
0 0.823438 0.368981 0.015625 0.110185
0 0.874740 0.385648 0.023438 0.108333
0 0.857812 0.352315 0.014583 0.095370
