1 0.715365 0.376389 0.144271 0.130556
1 0.570573 0.267593 0.070312 0.116667
1 0.516927 0.171759 0.068229 0.097222
1 0.477344 0.091667 0.043229 0.048148
1 0.413021 0.069444 0.036458 0.059259
1 0.443229 0.054167 0.023958 0.047222
1 0.404167 0.279167 0.062500 0.093519
1 0.311719 0.266204 0.070312 0.099074
1 0.394792 0.237963 0.054167 0.077778
1 0.313281 0.201852 0.045312 0.085185
1 0.292448 0.179167 0.043229 0.073148
1 0.373177 0.154630 0.048438 0.088889
1 0.387500 0.197222 0.050000 0.066667
1 0.357552 0.053704 0.032813 0.031481
1 0.353906 0.074074 0.045312 0.051852
1 0.390365 0.032407 0.023438 0.046296
0 0.836458 0.347222 0.016667 0.092593
0 0.850781 0.339815 0.010937 0.085185
