1 0.368229 0.481944 0.169792 0.162037
1 0.566927 0.399537 0.111979 0.189815
1 0.585938 0.253241 0.073958 0.104630
1 0.505729 0.200463 0.063542 0.089815
1 0.516667 0.149537 0.047917 0.078704
1 0.451042 0.146296 0.050000 0.075926
1 0.463281 0.104167 0.036979 0.067593
1 0.452865 0.064815 0.038021 0.051852
1 0.401562 0.058796 0.039583 0.054630
1 0.394531 0.256481 0.072396 0.103704
1 0.390625 0.168519 0.077083 0.129630
1 0.358594 0.131019 0.046354 0.065741
1 0.099479 0.411574 0.186458 0.126852
1 0.347656 0.057407 0.035937 0.059259
1 0.356771 0.098148 0.028125 0.040741
1 0.342708 0.018981 0.027083 0.032407
0 0.802344 0.341204 0.023438 0.102778
0 0.915365 0.369907 0.020313 0.100926
0 0.942187 0.363426 0.022917 0.086111
0 0.754167 0.299074 0.025000 0.096296
0 0.118750 0.324074 0.028125 0.074074
0 0.130990 0.305093 0.025521 0.071296
