1 0.136979 0.483796 0.194792 0.156481
1 0.607031 0.310185 0.102604 0.101852
1 0.485677 0.228704 0.064062 0.088889
1 0.403906 0.250000 0.064062 0.087037
1 0.340365 0.295370 0.041146 0.112963
1 0.308854 0.229630 0.054167 0.118519
1 0.384635 0.210185 0.044271 0.075926
1 0.494010 0.091204 0.047396 0.080556
1 0.464062 0.065278 0.038542 0.058333
1 0.444792 0.039815 0.032292 0.055556
1 0.378385 0.169907 0.043229 0.050926
1 0.305729 0.116204 0.053125 0.067593
1 0.327604 0.140278 0.017708 0.063889
1 0.304688 0.162963 0.050000 0.062963
1 0.382292 0.151389 0.037500 0.050926
1 0.373958 0.093519 0.044792 0.100000
1 0.376823 0.132407 0.034896 0.068519
