1 0.428125 0.474074 0.111458 0.187037
1 0.422656 0.326389 0.068229 0.125000
1 0.161719 0.426389 0.168229 0.128704
1 0.271615 0.360648 0.101562 0.128704
1 0.299740 0.238426 0.054688 0.091667
1 0.386458 0.146759 0.046875 0.078704
1 0.311719 0.190741 0.049479 0.075926
1 0.302344 0.129630 0.043229 0.075926
1 0.367448 0.087963 0.042188 0.074074
1 0.314583 0.048611 0.037500 0.058333
1 0.348698 0.029630 0.030729 0.044444
0 0.184896 0.241204 0.019792 0.104630
0 0.084375 0.386574 0.018750 0.110185
0 0.059635 0.331944 0.023438 0.113889
0 0.112240 0.284259 0.026562 0.105556
