1 0.308854 0.222685 0.093750 0.206481
1 0.413542 0.260185 0.079167 0.120370
1 0.461458 0.158796 0.057292 0.104630
1 0.395052 0.221759 0.048438 0.071296
1 0.382031 0.173148 0.051562 0.074074
1 0.382812 0.142593 0.038542 0.062963
1 0.308594 0.095370 0.053646 0.096296
1 0.577865 0.214352 0.020313 0.080556
1 0.503125 0.128241 0.056250 0.080556
1 0.413281 0.055556 0.035937 0.055556
1 0.398177 0.024074 0.045312 0.042593
1 0.342969 0.040278 0.027604 0.050926
0 0.740885 0.326389 0.026562 0.100926
0 0.754167 0.276389 0.019792 0.078704
0 0.800260 0.326852 0.018229 0.101852
0 0.828385 0.346296 0.059896 0.131481
0 0.861458 0.359259 0.018750 0.124074
0 0.878646 0.371296 0.015625 0.107407
