0 0.747917 0.313889 0.022917 0.101852
0 0.784115 0.317593 0.018229 0.100000
0 0.831250 0.339352 0.042708 0.108333
0 0.854427 0.358333 0.014063 0.109259
0 0.863542 0.368056 0.018750 0.108333
0 0.939844 0.390278 0.024479 0.115741
1 0.418750 0.344444 0.066667 0.118519
1 0.251302 0.367130 0.106771 0.130556
1 0.303385 0.295833 0.069271 0.113889
1 0.400781 0.223611 0.055729 0.095370
1 0.303646 0.227315 0.054167 0.089815
1 0.140365 0.502778 0.173437 0.148148
1 0.372396 0.111111 0.041667 0.064815
1 0.349740 0.073611 0.031771 0.050926
1 0.309896 0.158796 0.052083 0.056481
1 0.315885 0.025463 0.030729 0.032407
1 0.119792 0.418981 0.155208 0.102778
