0 0.855990 0.353241 0.029687 0.112037
0 0.963021 0.366667 0.036458 0.118519
1 0.359635 0.367593 0.028646 0.120370
1 0.692969 0.368519 0.143229 0.135185
1 0.506510 0.247222 0.068229 0.096296
1 0.531510 0.175000 0.052604 0.064815
1 0.414062 0.264815 0.060417 0.103704
1 0.321354 0.250000 0.066667 0.114815
1 0.299740 0.154167 0.045312 0.075000
1 0.309115 0.071296 0.035937 0.055556
1 0.457552 0.059259 0.031771 0.050000
1 0.468490 0.100926 0.042188 0.061111
1 0.397917 0.222222 0.054167 0.077778
1 0.385937 0.192130 0.050000 0.071296
1 0.380990 0.158796 0.041146 0.071296
1 0.370052 0.137037 0.040104 0.066667
1 0.373437 0.093981 0.038542 0.060185
1 0.361979 0.059259 0.028125 0.046296
