1 0.907031 0.441204 0.185938 0.128704
0 0.873958 0.335648 0.025000 0.121296
0 0.937760 0.360185 0.020313 0.087037
1 0.447135 0.485648 0.171354 0.158333
1 0.533073 0.366204 0.080729 0.141667
1 0.581510 0.284722 0.066146 0.106481
1 0.555469 0.216667 0.057813 0.092593
1 0.511458 0.133796 0.046875 0.075000
1 0.476562 0.089352 0.040625 0.060185
1 0.407292 0.043981 0.041667 0.076852
1 0.452344 0.057407 0.015104 0.059259
1 0.400000 0.226389 0.065625 0.104630
1 0.309635 0.239352 0.065104 0.100926
1 0.251823 0.293981 0.033854 0.110185
1 0.308073 0.174537 0.060937 0.121296
1 0.394792 0.174074 0.059375 0.094444
1 0.302083 0.060648 0.042708 0.095370
1 0.308073 0.107870 0.045312 0.049074
1 0.357031 0.046759 0.025521 0.045370
