0 0.059115 0.339815 0.029687 0.112963
0 0.011719 0.327315 0.020313 0.110185
0 0.186458 0.238426 0.018750 0.086111
0 0.167187 0.232870 0.015625 0.104630
0 0.882031 0.358796 0.020313 0.100926
0 0.903385 0.360648 0.015104 0.106481
0 0.924219 0.374074 0.020313 0.116667
0 0.644271 0.212500 0.022917 0.089815
1 0.585417 0.281019 0.068750 0.086111
1 0.520573 0.452778 0.143229 0.153704
1 0.410156 0.268981 0.070312 0.095370
1 0.480208 0.181481 0.060417 0.085185
1 0.491406 0.101389 0.042188 0.058333
1 0.424479 0.087037 0.041667 0.064815
1 0.469531 0.072222 0.028646 0.042593
1 0.314323 0.253241 0.066146 0.093519
1 0.304688 0.205093 0.054167 0.075000
1 0.291146 0.157870 0.050000 0.075000
1 0.379948 0.178704 0.058854 0.062963
1 0.394271 0.213889 0.060417 0.077778
1 0.366406 0.094444 0.043229 0.074074
1 0.379427 0.128704 0.043229 0.053704
1 0.309115 0.139815 0.041146 0.079630
1 0.310937 0.084722 0.039583 0.062037
1 0.051042 0.592593 0.100000 0.162963
