1 0.472396 0.622685 0.140625 0.243519
1 0.434635 0.370370 0.079687 0.155556
1 0.185938 0.382407 0.140625 0.140741
1 0.272396 0.311574 0.083333 0.134259
1 0.315885 0.266667 0.058854 0.101852
1 0.315365 0.212963 0.054688 0.075926
1 0.294531 0.187500 0.047396 0.075000
1 0.381250 0.124537 0.053125 0.091667
1 0.442708 0.032870 0.036458 0.045370
1 0.968229 0.454630 0.063542 0.161111
0 0.872656 0.376852 0.028646 0.142593
0 0.905990 0.375463 0.016146 0.110185
0 0.925000 0.372222 0.017708 0.140741
0 0.943750 0.359722 0.020833 0.125000
0 0.645052 0.214815 0.018229 0.098148
0 0.046354 0.320833 0.031250 0.097222
