1 0.314583 0.537963 0.211458 0.159259
1 0.596354 0.415741 0.089583 0.125926
1 0.591927 0.267593 0.072396 0.129630
1 0.859635 0.416667 0.154688 0.129630
1 0.928125 0.531481 0.143750 0.153704
0 0.123177 0.295370 0.025521 0.120370
0 0.061719 0.324074 0.030729 0.111111
1 0.316667 0.245370 0.068750 0.118519
1 0.412500 0.334722 0.027083 0.115741
1 0.407031 0.274074 0.061979 0.101852
1 0.394010 0.226852 0.057813 0.088889
1 0.463542 0.181019 0.057292 0.069444
1 0.511198 0.144444 0.045312 0.072222
1 0.484896 0.088889 0.044792 0.053704
1 0.383854 0.142130 0.041667 0.069444
1 0.380729 0.183333 0.044792 0.064815
1 0.300260 0.123611 0.045312 0.071296
1 0.309115 0.166204 0.045312 0.067593
1 0.401823 0.042593 0.042188 0.046296
1 0.353906 0.041204 0.044271 0.050926
1 0.311458 0.037037 0.032292 0.051852
0 0.642448 0.216204 0.016146 0.080556
