0 0.738021 0.326852 0.023958 0.111111
0 0.645573 0.207870 0.017188 0.073148
0 0.674479 0.189815 0.015625 0.075926
1 0.564323 0.220833 0.053646 0.080556
1 0.528906 0.342593 0.077604 0.124074
1 0.490885 0.489815 0.160938 0.155556
1 0.391667 0.365278 0.037500 0.130556
1 0.067187 0.625926 0.131250 0.153704
1 0.321094 0.252315 0.055729 0.121296
1 0.407292 0.268056 0.073958 0.097222
1 0.391927 0.213426 0.048438 0.076852
1 0.382292 0.176389 0.046875 0.080556
1 0.315365 0.183333 0.050521 0.066667
1 0.299740 0.145833 0.041146 0.069444
1 0.370833 0.088889 0.070833 0.131481
1 0.432812 0.091667 0.040625 0.088889
1 0.484896 0.101389 0.038542 0.075000
1 0.447917 0.052778 0.030208 0.044444
1 0.340365 0.052778 0.035937 0.044444
