0 0.071875 0.312037 0.029167 0.087037
0 0.205469 0.342593 0.034896 0.124074
0 0.916146 0.378704 0.022917 0.100000
0 0.644010 0.212500 0.022396 0.084259
1 0.399219 0.288426 0.022396 0.112037
1 0.311979 0.239815 0.060417 0.094444
1 0.409635 0.252778 0.060937 0.098148
1 0.398438 0.204630 0.048958 0.072222
1 0.391667 0.175000 0.053125 0.068519
1 0.378385 0.151852 0.041146 0.079630
1 0.366667 0.117593 0.038542 0.061111
1 0.416927 0.079630 0.047396 0.062963
1 0.490104 0.096759 0.035417 0.052778
1 0.453385 0.052778 0.035937 0.066667
1 0.432812 0.035185 0.038542 0.050000
1 0.381510 0.019444 0.031771 0.037037
