1 0.552083 0.415741 0.093750 0.125926
1 0.596875 0.268056 0.067708 0.102778
1 0.339583 0.527315 0.219792 0.171296
1 0.366667 0.383333 0.037500 0.133333
1 0.408333 0.273611 0.063542 0.100926
1 0.485938 0.218056 0.065625 0.084259
1 0.452865 0.116204 0.051562 0.067593
1 0.307812 0.264352 0.070833 0.106481
1 0.306510 0.193981 0.048438 0.078704
1 0.388281 0.211574 0.067187 0.106481
1 0.299479 0.116204 0.055208 0.100926
1 0.373437 0.135185 0.047917 0.074074
1 0.364063 0.049074 0.048958 0.096296
1 0.913542 0.875926 0.170833 0.240741
1 0.297396 0.045370 0.041667 0.059259
