0 0.073698 0.315741 0.059896 0.103704
0 0.102604 0.292130 0.036458 0.106481
0 0.171094 0.328241 0.020313 0.097222
0 0.203646 0.314352 0.043750 0.106481
0 0.808333 0.347685 0.062500 0.112037
1 0.862500 0.677778 0.146875 0.212963
1 0.405469 0.245833 0.058854 0.110185
1 0.464844 0.064815 0.041146 0.042593
1 0.433073 0.020370 0.033854 0.037037
1 0.393490 0.024074 0.039062 0.046296
1 0.391146 0.198148 0.065625 0.077778
1 0.371875 0.104630 0.040625 0.068519
1 0.375260 0.145370 0.045312 0.061111
1 0.358594 0.053241 0.036979 0.060185
